------------ REFERNCE ---------------

-9.256e+61	-9.256e+61
-9.256e+61	-9.256e+61
-9.256e+61	14757395258967641292
-9.256e+61	-9.256e+61
14757395258967641292
-9.256e+61
-9.256e+61	-9.256e+61
0	0
0	0
1.7977e+308	0
3435973836	3435973836
0	0
1.7977e+308	0

------------ END_REFERNCE ---------------

n            h            x            v            y           v^           y^           S*            u          err        mul_s        div_s            
0            0            1            1            3            0            0            0            0            0            0
1       0.0005            1       1.0015       2.9975       1.0015       2.9975   1.9967e-09            0            0            1            0
2        0.001        1.001       1.0045       2.9925       1.0045       2.9925    1.588e-08            0            0            1            0
3        0.002        1.003       1.0105       2.9827       1.0105       2.9827   1.2557e-07            0            0            0            0
4        0.002        1.005       1.0164       2.9729       1.0164       2.9729   1.2351e-07            0            0            0            0
5        0.002        1.007       1.0224       2.9633       1.0224       2.9633    1.215e-07            0            0            0            0
6        0.002        1.009       1.0283       2.9537       1.0283       2.9537   1.1953e-07            0            0            0            0
7        0.002        1.011       1.0342       2.9443       1.0342       2.9443    1.176e-07            0            0            0            0
8        0.002        1.013       1.0401        2.935       1.0401        2.935   1.1571e-07            0            0            0            0
9        0.002        1.015       1.0459       2.9257       1.0459       2.9257   1.1387e-07            0            0            0            0
10        0.002        1.017       1.0518       2.9166       1.0518       2.9166   1.1206e-07            0            0            0            0
11        0.002        1.019       1.0576       2.9076       1.0576       2.9076    1.103e-07            0            0            0            0
12        0.002        1.021       1.0634       2.8987       1.0634       2.8987   1.0857e-07            0            0            0            0
13        0.002        1.023       1.0692       2.8898       1.0692       2.8898   1.0688e-07            0            0            0            0
14        0.002        1.025       1.0749       2.8811       1.0749       2.8811   1.0522e-07            0            0            0            0
15        0.002        1.027       1.0807       2.8725       1.0807       2.8725    1.036e-07            0            0            0            0
16        0.002        1.029       1.0864       2.8639       1.0864       2.8639   1.0202e-07            0            0            0            0
17        0.002        1.031       1.0922       2.8554       1.0922       2.8554   1.0046e-07            0            0            0            0
18        0.002        1.033       1.0979       2.8471       1.0979       2.8471   9.8941e-08            0            0            0            0
19        0.002        1.035       1.1035       2.8388       1.1035       2.8388    9.745e-08            0            0            0            0
20        0.002        1.037       1.1092       2.8306       1.1092       2.8306    9.599e-08            0            0            0            0
21        0.002        1.039       1.1149       2.8225       1.1149       2.8225    9.456e-08            0            0            0            0
22        0.002        1.041       1.1205       2.8145       1.1205       2.8145   9.3159e-08            0            0            0            0
23        0.002        1.043       1.1261       2.8066       1.1261       2.8066   9.1786e-08            0            0            0            0
24        0.002        1.045       1.1317       2.7987       1.1317       2.7987   9.0441e-08            0            0            0            0
25        0.002        1.047       1.1373        2.791       1.1373        2.791   8.9123e-08            0            0            0            0
26        0.002        1.049       1.1429       2.7833       1.1429       2.7833    8.783e-08            0            0            0            0
27        0.002        1.051       1.1485       2.7757       1.1485       2.7757   8.6564e-08            0            0            0            0
28        0.002        1.053        1.154       2.7682        1.154       2.7682   8.5322e-08            0            0            0            0
29        0.002        1.055       1.1595       2.7607       1.1595       2.7607   8.4105e-08            0            0            0            0
30        0.002        1.057        1.165       2.7534        1.165       2.7534   8.2911e-08            0            0            0            0
31        0.002        1.059       1.1705       2.7461       1.1705       2.7461    8.174e-08            0            0            0            0
32        0.002        1.061        1.176       2.7389        1.176       2.7389   8.0592e-08            0            0            0            0
33        0.002        1.063       1.1815       2.7317       1.1815       2.7317   7.9467e-08            0            0            0            0
34        0.002        1.065        1.187       2.7247        1.187       2.7247   7.8362e-08            0            0            0            0
35        0.002        1.067       1.1924       2.7177       1.1924       2.7177   7.7279e-08            0            0            0            0
36        0.002        1.069       1.1978       2.7108       1.1978       2.7108   7.6216e-08            0            0            0            0
37        0.002        1.071       1.2032       2.7039       1.2032       2.7039   7.5173e-08            0            0            0            0
38        0.002        1.073       1.2086       2.6971       1.2086       2.6971    7.415e-08            0            0            0            0
39        0.002        1.075        1.214       2.6904        1.214       2.6904   7.3146e-08            0            0            0            0
40        0.002        1.077       1.2194       2.6838       1.2194       2.6838    7.216e-08            0            0            0            0
41        0.002        1.079       1.2248       2.6772       1.2248       2.6772   7.1193e-08            0            0            0            0
42        0.002        1.081       1.2301       2.6707       1.2301       2.6707   7.0244e-08            0            0            0            0
43        0.002        1.083       1.2354       2.6643       1.2354       2.6643   6.9312e-08            0            0            0            0
44        0.002        1.085       1.2408       2.6579       1.2408       2.6579   6.8396e-08            0            0            0            0
45        0.002        1.087       1.2461       2.6516       1.2461       2.6516   6.7498e-08            0            0            0            0
46        0.002        1.089       1.2514       2.6454       1.2514       2.6454   6.6616e-08            0            0            0            0
47        0.002        1.091       1.2567       2.6392       1.2567       2.6392   6.5749e-08            0            0            0            0
48        0.002        1.093       1.2619       2.6331       1.2619       2.6331   6.4898e-08            0            0            0            0
49        0.002        1.095       1.2672       2.6271       1.2672       2.6271   6.4062e-08            0            0            0            0
50        0.002        1.097       1.2724       2.6211       1.2724       2.6211   6.3241e-08            0            0            0            0
51        0.002        1.099       1.2777       2.6152       1.2777       2.6152   6.2435e-08            0            0            0            0
52        0.002        1.101       1.2829       2.6093       1.2829       2.6093   6.1642e-08            0            0            0            0
53        0.002        1.103       1.2881       2.6035       1.2881       2.6035   6.0864e-08            0            0            0            0
54        0.002        1.105       1.2933       2.5978       1.2933       2.5978   6.0099e-08            0            0            0            0
55        0.002        1.107       1.2985       2.5921       1.2985       2.5921   5.9347e-08            0            0            0            0
56        0.002        1.109       1.3037       2.5865       1.3037       2.5865   5.8608e-08            0            0            0            0
57        0.002        1.111       1.3088       2.5809       1.3088       2.5809   5.7882e-08            0            0            0            0
58        0.002        1.113        1.314       2.5754        1.314       2.5754   5.7169e-08            0            0            0            0
59        0.002        1.115       1.3191       2.5699       1.3191       2.5699   5.6467e-08            0            0            0            0
60        0.002        1.117       1.3243       2.5645       1.3243       2.5645   5.5777e-08            0            0            0            0
61        0.002        1.119       1.3294       2.5592       1.3294       2.5592   5.5099e-08            0            0            0            0
62        0.002        1.121       1.3345       2.5539       1.3345       2.5539   5.4432e-08            0            0            0            0
63        0.002        1.123       1.3396       2.5486       1.3396       2.5486   5.3777e-08            0            0            0            0
64        0.002        1.125       1.3447       2.5434       1.3447       2.5434   5.3132e-08            0            0            0            0
65        0.002        1.127       1.3498       2.5383       1.3498       2.5383   5.2498e-08            0            0            0            0
66        0.002        1.129       1.3549       2.5332       1.3549       2.5332   5.1874e-08            0            0            0            0
67        0.002        1.131       1.3599       2.5282       1.3599       2.5282   5.1261e-08            0            0            0            0
68        0.002        1.133        1.365       2.5232        1.365       2.5232   5.0658e-08            0            0            0            0
69        0.002        1.135         1.37       2.5183         1.37       2.5183   5.0064e-08            0            0            0            0
70        0.002        1.137       1.3751       2.5134       1.3751       2.5134    4.948e-08            0            0            0            0
71        0.002        1.139       1.3801       2.5086       1.3801       2.5086   4.8906e-08            0            0            0            0
72        0.002        1.141       1.3851       2.5038       1.3851       2.5038    4.834e-08            0            0            0            0
73        0.002        1.143       1.3901        2.499       1.3901        2.499   4.7784e-08            0            0            0            0
74        0.002        1.145       1.3951       2.4943       1.3951       2.4943   4.7236e-08            0            0            0            0
75        0.002        1.147       1.4001       2.4897       1.4001       2.4897   4.6697e-08            0            0            0            0
76        0.002        1.149        1.405       2.4851        1.405       2.4851   4.6167e-08            0            0            0            0
77        0.002        1.151         1.41       2.4806         1.41       2.4806   4.5645e-08            0            0            0            0
78        0.002        1.153        1.415       2.4761        1.415       2.4761   4.5131e-08            0            0            0            0
79        0.002        1.155       1.4199       2.4716       1.4199       2.4716   4.4625e-08            0            0            0            0
80        0.002        1.157       1.4249       2.4672       1.4249       2.4672   4.4127e-08            0            0            0            0
81        0.002        1.159       1.4298       2.4628       1.4298       2.4628   4.3637e-08            0            0            0            0
82        0.002        1.161       1.4347       2.4585       1.4347       2.4585   4.3154e-08            0            0            0            0
83        0.002        1.163       1.4396       2.4542       1.4396       2.4542   4.2678e-08            0            0            0            0
84        0.002        1.165       1.4445         2.45       1.4445         2.45    4.221e-08            0            0            0            0
85        0.002        1.167       1.4494       2.4458       1.4494       2.4458   4.1749e-08            0            0            0            0
86        0.002        1.169       1.4543       2.4416       1.4543       2.4416   4.1294e-08            0            0            0            0
87        0.002        1.171       1.4592       2.4375       1.4592       2.4375   4.0847e-08            0            0            0            0
88        0.002        1.173       1.4641       2.4335       1.4641       2.4335   4.0406e-08            0            0            0            0
89        0.002        1.175       1.4689       2.4294       1.4689       2.4294   3.9972e-08            0            0            0            0
90        0.002        1.177       1.4738       2.4254       1.4738       2.4254   3.9544e-08            0            0            0            0
91        0.002        1.179       1.4786       2.4215       1.4786       2.4215   3.9123e-08            0            0            0            0
92        0.002        1.181       1.4835       2.4176       1.4835       2.4176   3.8707e-08            0            0            0            0
93        0.002        1.183       1.4883       2.4137       1.4883       2.4137   3.8298e-08            0            0            0            0
94        0.002        1.185       1.4931       2.4099       1.4931       2.4099   3.7895e-08            0            0            0            0
95        0.002        1.187       1.4979       2.4061       1.4979       2.4061   3.7498e-08            0            0            0            0
96        0.002        1.189       1.5027       2.4024       1.5027       2.4024   3.7106e-08            0            0            0            0
97        0.002        1.191       1.5075       2.3986       1.5075       2.3986    3.672e-08            0            0            0            0
98        0.002        1.193       1.5123        2.395       1.5123        2.395   3.6339e-08            0            0            0            0
99        0.002        1.195       1.5171       2.3913       1.5171       2.3913   3.5964e-08            0            0            0            0
100        0.002        1.197       1.5219       2.3877       1.5219       2.3877   3.5594e-08            0            0            0            0
101        0.002        1.199       1.5267       2.3842       1.5267       2.3842    3.523e-08            0            0            0            0
102        0.002        1.201       1.5314       2.3806       1.5314       2.3806   3.4871e-08            0            0            0            0
103        0.002        1.203       1.5362       2.3771       1.5362       2.3771   3.4516e-08            0            0            0            0
104        0.002        1.205       1.5409       2.3737       1.5409       2.3737   3.4167e-08            0            0            0            0
105        0.002        1.207       1.5457       2.3703       1.5457       2.3703   3.3822e-08            0            0            0            0
106        0.002        1.209       1.5504       2.3669       1.5504       2.3669   3.3482e-08            0            0            0            0
107        0.002        1.211       1.5552       2.3635       1.5552       2.3635   3.3147e-08            0            0            0            0
108        0.002        1.213       1.5599       2.3602       1.5599       2.3602   3.2817e-08            0            0            0            0
109        0.002        1.215       1.5646       2.3569       1.5646       2.3569   3.2491e-08            0            0            0            0
110        0.002        1.217       1.5693       2.3537       1.5693       2.3537   3.2169e-08            0            0            0            0
111        0.002        1.219        1.574       2.3504        1.574       2.3504   3.1852e-08            0            0            0            0
112        0.002        1.221       1.5787       2.3473       1.5787       2.3473   3.1539e-08            0            0            0            0
113        0.002        1.223       1.5834       2.3441       1.5834       2.3441    3.123e-08            0            0            0            0
114        0.002        1.225       1.5881        2.341       1.5881        2.341   3.0926e-08            0            0            0            0
115        0.002        1.227       1.5928       2.3379       1.5928       2.3379   3.0625e-08            0            0            0            0
116        0.002        1.229       1.5974       2.3349       1.5974       2.3349   3.0328e-08            0            0            0            0
117        0.002        1.231       1.6021       2.3318       1.6021       2.3318   3.0036e-08            0            0            0            0
118        0.002        1.233       1.6068       2.3288       1.6068       2.3288   2.9747e-08            0            0            0            0
119        0.002        1.235       1.6114       2.3259       1.6114       2.3259   2.9462e-08            0            0            0            0
120        0.002        1.237       1.6161        2.323       1.6161        2.323   2.9181e-08            0            0            0            0
121        0.002        1.239       1.6207       2.3201       1.6207       2.3201   2.8903e-08            0            0            0            0
122        0.002        1.241       1.6253       2.3172       1.6253       2.3172   2.8629e-08            0            0            0            0
123        0.002        1.243         1.63       2.3143         1.63       2.3143   2.8359e-08            0            0            0            0
124        0.002        1.245       1.6346       2.3115       1.6346       2.3115   2.8091e-08            0            0            0            0
125        0.002        1.247       1.6392       2.3088       1.6392       2.3088   2.7828e-08            0            0            0            0
126        0.002        1.249       1.6438        2.306       1.6438        2.306   2.7568e-08            0            0            0            0
127        0.002        1.251       1.6484       2.3033       1.6484       2.3033   2.7311e-08            0            0            0            0
128        0.002        1.253       1.6531       2.3006       1.6531       2.3006   2.7057e-08            0            0            0            0
129        0.002        1.255       1.6576       2.2979       1.6576       2.2979   2.6806e-08            0            0            0            0
130        0.002        1.257       1.6622       2.2953       1.6622       2.2953   2.6559e-08            0            0            0            0
131        0.002        1.259       1.6668       2.2927       1.6668       2.2927   2.6315e-08            0            0            0            0
132        0.002        1.261       1.6714       2.2901       1.6714       2.2901   2.6073e-08            0            0            0            0
133        0.002        1.263        1.676       2.2876        1.676       2.2876   2.5835e-08            0            0            0            0
134        0.002        1.265       1.6806        2.285       1.6806        2.285     2.56e-08            0            0            0            0
135        0.002        1.267       1.6851       2.2825       1.6851       2.2825   2.5367e-08            0            0            0            0
136        0.002        1.269       1.6897       2.2801       1.6897       2.2801   2.5138e-08            0            0            0            0
137        0.002        1.271       1.6943       2.2776       1.6943       2.2776   2.4911e-08            0            0            0            0
138        0.002        1.273       1.6988       2.2752       1.6988       2.2752   2.4687e-08            0            0            0            0
139        0.002        1.275       1.7034       2.2728       1.7034       2.2728   2.4466e-08            0            0            0            0
140        0.002        1.277       1.7079       2.2704       1.7079       2.2704   2.4247e-08            0            0            0            0
141        0.002        1.279       1.7124       2.2681       1.7124       2.2681   2.4031e-08            0            0            0            0
142        0.002        1.281        1.717       2.2658        1.717       2.2658   2.3817e-08            0            0            0            0
143        0.002        1.283       1.7215       2.2635       1.7215       2.2635   2.3606e-08            0            0            0            0
144        0.002        1.285        1.726       2.2612        1.726       2.2612   2.3398e-08            0            0            0            0
145        0.002        1.287       1.7305        2.259       1.7305        2.259   2.3192e-08            0            0            0            0
146        0.002        1.289       1.7351       2.2568       1.7351       2.2568   2.2988e-08            0            0            0            0
147        0.002        1.291       1.7396       2.2546       1.7396       2.2546   2.2787e-08            0            0            0            0
148        0.002        1.293       1.7441       2.2524       1.7441       2.2524   2.2588e-08            0            0            0            0
149        0.002        1.295       1.7486       2.2503       1.7486       2.2503   2.2392e-08            0            0            0            0
150        0.002        1.297       1.7531       2.2482       1.7531       2.2482   2.2198e-08            0            0            0            0
151        0.002        1.299       1.7576       2.2461       1.7576       2.2461   2.2006e-08            0            0            0            0
152        0.002        1.301       1.7621        2.244       1.7621        2.244   2.1816e-08            0            0            0            0
153        0.002        1.303       1.7665       2.2419       1.7665       2.2419   2.1628e-08            0            0            0            0
154        0.002        1.305        1.771       2.2399        1.771       2.2399   2.1443e-08            0            0            0            0
155        0.002        1.307       1.7755       2.2379       1.7755       2.2379   2.1259e-08            0            0            0            0
156        0.002        1.309         1.78       2.2359         1.78       2.2359   2.1078e-08            0            0            0            0
157        0.002        1.311       1.7845        2.234       1.7845        2.234   2.0899e-08            0            0            0            0
158        0.002        1.313       1.7889       2.2321       1.7889       2.2321   2.0721e-08            0            0            0            0
159        0.002        1.315       1.7934       2.2301       1.7934       2.2301   2.0546e-08            0            0            0            0
160        0.002        1.317       1.7978       2.2283       1.7978       2.2283   2.0373e-08            0            0            0            0
161        0.002        1.319       1.8023       2.2264       1.8023       2.2264   2.0201e-08            0            0            0            0
162        0.002        1.321       1.8067       2.2245       1.8067       2.2245   2.0032e-08            0            0            0            0
163        0.002        1.323       1.8112       2.2227       1.8112       2.2227   1.9864e-08            0            0            0            0
164        0.002        1.325       1.8156       2.2209       1.8156       2.2209   1.9698e-08            0            0            0            0
165        0.002        1.327       1.8201       2.2191       1.8201       2.2191   1.9534e-08            0            0            0            0
166        0.002        1.329       1.8245       2.2174       1.8245       2.2174   1.9372e-08            0            0            0            0
167        0.002        1.331       1.8289       2.2156       1.8289       2.2156   1.9212e-08            0            0            0            0
168        0.002        1.333       1.8334       2.2139       1.8334       2.2139   1.9053e-08            0            0            0            0
169        0.002        1.335       1.8378       2.2122       1.8378       2.2122   1.8896e-08            0            0            0            0
170        0.002        1.337       1.8422       2.2105       1.8422       2.2105    1.874e-08            0            0            0            0
171        0.002        1.339       1.8466       2.2089       1.8466       2.2089   1.8587e-08            0            0            0            0
172        0.002        1.341       1.8511       2.2072       1.8511       2.2072   1.8435e-08            0            0            0            0
173        0.002        1.343       1.8555       2.2056       1.8555       2.2056   1.8284e-08            0            0            0            0
174        0.002        1.345       1.8599        2.204       1.8599        2.204   1.8135e-08            0            0            0            0
175        0.002        1.347       1.8643       2.2025       1.8643       2.2025   1.7988e-08            0            0            0            0
176        0.002        1.349       1.8687       2.2009       1.8687       2.2009   1.7842e-08            0            0            0            0
177        0.002        1.351       1.8731       2.1994       1.8731       2.1994   1.7698e-08            0            0            0            0
178        0.002        1.353       1.8775       2.1978       1.8775       2.1978   1.7555e-08            0            0            0            0
179        0.002        1.355       1.8819       2.1963       1.8819       2.1963   1.7414e-08            0            0            0            0
180        0.002        1.357       1.8863       2.1949       1.8863       2.1949   1.7274e-08            0            0            0            0
181        0.002        1.359       1.8907       2.1934       1.8907       2.1934   1.7136e-08            0            0            0            0
182        0.002        1.361        1.895       2.1919        1.895       2.1919   1.6999e-08            0            0            0            0
183        0.002        1.363       1.8994       2.1905       1.8994       2.1905   1.6863e-08            0            0            0            0
184        0.002        1.365       1.9038       2.1891       1.9038       2.1891   1.6729e-08            0            0            0            0
185        0.002        1.367       1.9082       2.1877       1.9082       2.1877   1.6596e-08            0            0            0            0
186        0.002        1.369       1.9126       2.1864       1.9126       2.1864   1.6465e-08            0            0            0            0
187        0.002        1.371       1.9169        2.185       1.9169        2.185   1.6334e-08            0            0            0            0
188        0.002        1.373       1.9213       2.1837       1.9213       2.1837   1.6205e-08            0            0            0            0
189        0.002        1.375       1.9257       2.1823       1.9257       2.1823   1.6078e-08            0            0            0            0
190        0.002        1.377         1.93        2.181         1.93        2.181   1.5952e-08            0            0            1            0
191        0.004        1.381       1.9387       2.1785       1.9387       2.1785    1.264e-07            0            0            0            0
192        0.004        1.385       1.9475        2.176       1.9475        2.176   1.2443e-07            0            0            0            0
193        0.004        1.389       1.9562       2.1736       1.9562       2.1736    1.225e-07            0            0            0            0
194        0.004        1.393       1.9648       2.1713       1.9648       2.1713   1.2061e-07            0            0            0            0
195        0.004        1.397       1.9735        2.169       1.9735        2.169   1.1876e-07            0            0            0            0
196        0.004        1.401       1.9822       2.1668       1.9822       2.1668   1.1694e-07            0            0            0            0
197        0.004        1.405       1.9909       2.1646       1.9909       2.1646   1.1516e-07            0            0            0            0
198        0.004        1.409       1.9995       2.1625       1.9995       2.1625   1.1341e-07            0            0            0            0
199        0.004        1.413       2.0082       2.1605       2.0082       2.1605   1.1169e-07            0            0            0            0
200        0.004        1.417       2.0168       2.1585       2.0168       2.1585      1.1e-07            0            0            0            0
201        0.004        1.421       2.0254       2.1566       2.0254       2.1566   1.0834e-07            0            0            0            0
202        0.004        1.425       2.0341       2.1548       2.0341       2.1548   1.0672e-07            0            0            0            0
203        0.004        1.429       2.0427        2.153       2.0427        2.153   1.0512e-07            0            0            0            0
204        0.004        1.433       2.0513       2.1513       2.0513       2.1513   1.0356e-07            0            0            0            0
205        0.004        1.437       2.0599       2.1496       2.0599       2.1496   1.0202e-07            0            0            0            0
206        0.004        1.441       2.0685        2.148       2.0685        2.148    1.005e-07            0            0            0            0
207        0.004        1.445       2.0771       2.1464       2.0771       2.1464   9.9017e-08            0            0            0            0
208        0.004        1.449       2.0856       2.1449       2.0856       2.1449   9.7558e-08            0            0            0            0
209        0.004        1.453       2.0942       2.1434       2.0942       2.1434   9.6123e-08            0            0            0            0
210        0.004        1.457       2.1028        2.142       2.1028        2.142   9.4713e-08            0            0            0            0
211        0.004        1.461       2.1114       2.1407       2.1114       2.1407   9.3328e-08            0            0            0            0
212        0.004        1.465       2.1199       2.1394       2.1199       2.1394   9.1966e-08            0            0            0            0
213        0.004        1.469       2.1285       2.1382       2.1285       2.1382   9.0627e-08            0            0            0            0
214        0.004        1.473        2.137        2.137        2.137        2.137    8.931e-08            0            0            0            0
215        0.004        1.477       2.1456       2.1358       2.1456       2.1358   8.8015e-08            0            0            0            0
216        0.004        1.481       2.1541       2.1347       2.1541       2.1347   8.6742e-08            0            0            0            0
217        0.004        1.485       2.1626       2.1337       2.1626       2.1337    8.549e-08            0            0            0            0
218        0.004        1.489       2.1712       2.1327       2.1712       2.1327   8.4258e-08            0            0            0            0
219        0.004        1.493       2.1797       2.1317       2.1797       2.1317   8.3046e-08            0            0            0            0
220        0.004        1.497       2.1882       2.1308       2.1882       2.1308   8.1854e-08            0            0            0            0
221        0.004        1.501       2.1968       2.1299       2.1968       2.1299   8.0681e-08            0            0            0            0
222        0.004        1.505       2.2053       2.1291       2.2053       2.1291   7.9526e-08            0            0            0            0
223        0.004        1.509       2.2138       2.1284       2.2138       2.1284    7.839e-08            0            0            0            0
224        0.004        1.513       2.2223       2.1276       2.2223       2.1276   7.7272e-08            0            0            0            0
225        0.004        1.517       2.2308       2.1269       2.2308       2.1269   7.6171e-08            0            0            0            0
226        0.004        1.521       2.2393       2.1263       2.2393       2.1263   7.5087e-08            0            0            0            0
227        0.004        1.525       2.2478       2.1257       2.2478       2.1257    7.402e-08            0            0            0            0
228        0.004        1.529       2.2563       2.1251       2.2563       2.1251   7.2969e-08            0            0            0            0
229        0.004        1.533       2.2648       2.1246       2.2648       2.1246   7.1935e-08            0            0            0            0
230        0.004        1.537       2.2733       2.1241       2.2733       2.1241   7.0916e-08            0            0            0            0
231        0.004        1.541       2.2818       2.1237       2.2818       2.1237   6.9912e-08            0            0            0            0
232        0.004        1.545       2.2903       2.1233       2.2903       2.1233   6.8923e-08            0            0            0            0
233        0.004        1.549       2.2988       2.1229       2.2988       2.1229   6.7949e-08            0            0            0            0
234        0.004        1.553       2.3073       2.1226       2.3073       2.1226    6.699e-08            0            0            0            0
235        0.004        1.557       2.3158       2.1223       2.3158       2.1223   6.6045e-08            0            0            0            0
236        0.004        1.561       2.3243       2.1221       2.3243       2.1221   6.5113e-08            0            0            0            0
237        0.004        1.565       2.3328       2.1219       2.3328       2.1219   6.4195e-08            0            0            0            0
238        0.004        1.569       2.3412       2.1217       2.3412       2.1217    6.329e-08            0            0            0            0
239        0.004        1.573       2.3497       2.1216       2.3497       2.1216   6.2398e-08            0            0            0            0
240        0.004        1.577       2.3582       2.1215       2.3582       2.1215   6.1519e-08            0            0            0            0
241        0.004        1.581       2.3667       2.1214       2.3667       2.1214   6.0653e-08            0            0            0            0
242        0.004        1.585       2.3752       2.1214       2.3752       2.1214   5.9799e-08            0            0            0            0
243        0.004        1.589       2.3837       2.1214       2.3837       2.1214   5.8956e-08            0            0            0            0
244        0.004        1.593       2.3922       2.1214       2.3922       2.1214   5.8126e-08            0            0            0            0
245        0.004        1.597       2.4006       2.1215       2.4006       2.1215   5.7307e-08            0            0            0            0
246        0.004        1.601       2.4091       2.1216       2.4091       2.1216     5.65e-08            0            0            0            0
247        0.004        1.605       2.4176       2.1217       2.4176       2.1217   5.5703e-08            0            0            0            0
248        0.004        1.609       2.4261       2.1219       2.4261       2.1219   5.4918e-08            0            0            0            0
249        0.004        1.613       2.4346       2.1221       2.4346       2.1221   5.4143e-08            0            0            0            0
250        0.004        1.617       2.4431       2.1223       2.4431       2.1223   5.3378e-08            0            0            0            0
251        0.004        1.621       2.4516       2.1226       2.4516       2.1226   5.2624e-08            0            0            0            0
252        0.004        1.625       2.4601       2.1229       2.4601       2.1229    5.188e-08            0            0            0            0
253        0.004        1.629       2.4686       2.1232       2.4686       2.1232   5.1146e-08            0            0            0            0
254        0.004        1.633        2.477       2.1235        2.477       2.1235   5.0422e-08            0            0            0            0
255        0.004        1.637       2.4855       2.1239       2.4855       2.1239   4.9707e-08            0            0            0            0
256        0.004        1.641        2.494       2.1243        2.494       2.1243   4.9002e-08            0            0            0            0
257        0.004        1.645       2.5025       2.1248       2.5025       2.1248   4.8306e-08            0            0            0            0
258        0.004        1.649        2.511       2.1252        2.511       2.1252   4.7619e-08            0            0            0            0
259        0.004        1.653       2.5195       2.1257       2.5195       2.1257   4.6941e-08            0            0            0            0
260        0.004        1.657        2.528       2.1262        2.528       2.1262   4.6272e-08            0            0            0            0
261        0.004        1.661       2.5365       2.1268       2.5365       2.1268   4.5611e-08            0            0            0            0
262        0.004        1.665       2.5451       2.1274       2.5451       2.1274   4.4959e-08            0            0            0            0
263        0.004        1.669       2.5536        2.128       2.5536        2.128   4.4315e-08            0            0            0            0
264        0.004        1.673       2.5621       2.1286       2.5621       2.1286   4.3679e-08            0            0            0            0
265        0.004        1.677       2.5706       2.1292       2.5706       2.1292   4.3051e-08            0            0            0            0
266        0.004        1.681       2.5791       2.1299       2.5791       2.1299   4.2432e-08            0            0            0            0
267        0.004        1.685       2.5876       2.1306       2.5876       2.1306    4.182e-08            0            0            0            0
268        0.004        1.689       2.5962       2.1313       2.5962       2.1313   4.1215e-08            0            0            0            0
269        0.004        1.693       2.6047       2.1321       2.6047       2.1321   4.0618e-08            0            0            0            0
270        0.004        1.697       2.6132       2.1329       2.6132       2.1329   4.0029e-08            0            0            0            0
271        0.004        1.701       2.6217       2.1337       2.6217       2.1337   3.9446e-08            0            0            0            0
272        0.004        1.705       2.6303       2.1345       2.6303       2.1345   3.8871e-08            0            0            0            0
273        0.004        1.709       2.6388       2.1353       2.6388       2.1353   3.8303e-08            0            0            0            0
274        0.004        1.713       2.6474       2.1362       2.6474       2.1362   3.7742e-08            0            0            0            0
275        0.004        1.717       2.6559       2.1371       2.6559       2.1371   3.7188e-08            0            0            0            0
276        0.004        1.721       2.6645        2.138       2.6645        2.138    3.664e-08            0            0            0            0
277        0.004        1.725        2.673        2.139        2.673        2.139   3.6099e-08            0            0            0            0
278        0.004        1.729       2.6816       2.1399       2.6816       2.1399   3.5564e-08            0            0            0            0
279        0.004        1.733       2.6901       2.1409       2.6901       2.1409   3.5036e-08            0            0            0            0
280        0.004        1.737       2.6987       2.1419       2.6987       2.1419   3.4514e-08            0            0            0            0
281        0.004        1.741       2.7073       2.1429       2.7073       2.1429   3.3999e-08            0            0            0            0
282        0.004        1.745       2.7158        2.144       2.7158        2.144   3.3489e-08            0            0            0            0
283        0.004        1.749       2.7244        2.145       2.7244        2.145   3.2986e-08            0            0            0            0
284        0.004        1.753        2.733       2.1461        2.733       2.1461   3.2488e-08            0            0            0            0
285        0.004        1.757       2.7416       2.1472       2.7416       2.1472   3.1996e-08            0            0            0            0
286        0.004        1.761       2.7502       2.1483       2.7502       2.1483    3.151e-08            0            0            0            0
287        0.004        1.765       2.7588       2.1495       2.7588       2.1495    3.103e-08            0            0            0            0
288        0.004        1.769       2.7674       2.1506       2.7674       2.1506   3.0555e-08            0            0            0            0
289        0.004        1.773        2.776       2.1518        2.776       2.1518   3.0086e-08            0            0            0            0
290        0.004        1.777       2.7846        2.153       2.7846        2.153   2.9622e-08            0            0            0            0
291        0.004        1.781       2.7932       2.1542       2.7932       2.1542   2.9164e-08            0            0            0            0
292        0.004        1.785       2.8018       2.1555       2.8018       2.1555    2.871e-08            0            0            0            0
293        0.004        1.789       2.8105       2.1567       2.8105       2.1567   2.8262e-08            0            0            0            0
294        0.004        1.793       2.8191        2.158       2.8191        2.158   2.7819e-08            0            0            0            0
295        0.004        1.797       2.8277       2.1593       2.8277       2.1593   2.7382e-08            0            0            0            0
296        0.004        1.801       2.8364       2.1606       2.8364       2.1606   2.6949e-08            0            0            0            0
297        0.004        1.805        2.845       2.1619        2.845       2.1619   2.6521e-08            0            0            0            0
298        0.004        1.809       2.8537       2.1633       2.8537       2.1633   2.6098e-08            0            0            0            0
299        0.004        1.813       2.8623       2.1646       2.8623       2.1646   2.5679e-08            0            0            0            0
300        0.004        1.817        2.871        2.166        2.871        2.166   2.5266e-08            0            0            0            0
301        0.004        1.821       2.8796       2.1674       2.8796       2.1674   2.4857e-08            0            0            0            0
302        0.004        1.825       2.8883       2.1688       2.8883       2.1688   2.4453e-08            0            0            0            0
303        0.004        1.829        2.897       2.1702        2.897       2.1702   2.4053e-08            0            0            0            0
304        0.004        1.833       2.9057       2.1716       2.9057       2.1716   2.3658e-08            0            0            0            0
305        0.004        1.837       2.9144       2.1731       2.9144       2.1731   2.3267e-08            0            0            0            0
306        0.004        1.841       2.9231       2.1746       2.9231       2.1746    2.288e-08            0            0            0            0
307        0.004        1.845       2.9318        2.176       2.9318        2.176   2.2498e-08            0            0            0            0
308        0.004        1.849       2.9405       2.1775       2.9405       2.1775    2.212e-08            0            0            0            0
309        0.004        1.853       2.9492       2.1791       2.9492       2.1791   2.1746e-08            0            0            0            0
310        0.004        1.857       2.9579       2.1806       2.9579       2.1806   2.1376e-08            0            0            0            0
311        0.004        1.861       2.9666       2.1821       2.9666       2.1821   2.1011e-08            0            0            0            0
312        0.004        1.865       2.9754       2.1837       2.9754       2.1837   2.0649e-08            0            0            0            0
313        0.004        1.869       2.9841       2.1852       2.9841       2.1852   2.0292e-08            0            0            0            0
314        0.004        1.873       2.9928       2.1868       2.9928       2.1868   1.9938e-08            0            0            0            0
315        0.004        1.877       3.0016       2.1884       3.0016       2.1884   1.9588e-08            0            0            0            0
316        0.004        1.881       3.0103         2.19       3.0103         2.19   1.9242e-08            0            0            0            0
317        0.004        1.885       3.0191       2.1917       3.0191       2.1917     1.89e-08            0            0            0            0
318        0.004        1.889       3.0279       2.1933       3.0279       2.1933   1.8562e-08            0            0            0            0
319        0.004        1.893       3.0366       2.1949       3.0366       2.1949   1.8227e-08            0            0            0            0
320        0.004        1.897       3.0454       2.1966       3.0454       2.1966   1.7896e-08            0            0            0            0
321        0.004        1.901       3.0542       2.1983       3.0542       2.1983   1.7568e-08            0            0            0            0
322        0.004        1.905        3.063          2.2        3.063          2.2   1.7245e-08            0            0            0            0
323        0.004        1.909       3.0718       2.2017       3.0718       2.2017   1.6924e-08            0            0            0            0
324        0.004        1.913       3.0806       2.2034       3.0806       2.2034   1.6607e-08            0            0            0            0
325        0.004        1.917       3.0894       2.2051       3.0894       2.2051   1.6294e-08            0            0            0            0
326        0.004        1.921       3.0983       2.2068       3.0983       2.2068   1.5984e-08            0            0            1            0
327        0.008        1.929       3.1159       2.2103       3.1159       2.2103   1.2522e-07            0            0            0            0
328        0.008        1.937       3.1336       2.2139       3.1336       2.2139    1.204e-07            0            0            0            0
329        0.008        1.945       3.1514       2.2175       3.1514       2.2175   1.1568e-07            0            0            0            0
330        0.008        1.953       3.1691       2.2211       3.1691       2.2211   1.1106e-07            0            0            0            0
331        0.008        1.961       3.1869       2.2248       3.1869       2.2248   1.0654e-07            0            0            0            0
332        0.008        1.969       3.2047       2.2285       3.2047       2.2285   1.0212e-07            0            0            0            0
333        0.008        1.977       3.2226       2.2323       3.2226       2.2323   9.7792e-08            0            0            0            0
334        0.008        1.985       3.2404       2.2361       3.2404       2.2361   9.3558e-08            0            0            0            0
335        0.008        1.993       3.2583       2.2399       3.2583       2.2399   8.9415e-08            0            0            0            0
336        0.008        2.001       3.2763       2.2437       3.2763       2.2437    8.536e-08            0            0            0            0
337        0.008        2.009       3.2942       2.2477       3.2942       2.2477   8.1393e-08            0            0            0            0
338        0.008        2.017       3.3122       2.2516       3.3122       2.2516   7.7511e-08            0            0            0            0
339        0.008        2.025       3.3303       2.2556       3.3303       2.2556   7.3712e-08            0            0            0            0
340        0.008        2.033       3.3483       2.2596       3.3483       2.2596   6.9995e-08            0            0            0            0
341        0.008        2.041       3.3664       2.2636       3.3664       2.2636   6.6358e-08            0            0            0            0
342        0.008        2.049       3.3845       2.2677       3.3845       2.2677   6.2799e-08            0            0            0            0
343        0.008        2.057       3.4027       2.2718       3.4027       2.2718   5.9317e-08            0            0            0            0
344        0.008        2.065       3.4209       2.2759       3.4209       2.2759    5.591e-08            0            0            0            0
345        0.008        2.073       3.4391         2.28       3.4391         2.28   5.2577e-08            0            0            0            0
346        0.008        2.081       3.4574       2.2842       3.4574       2.2842   4.9316e-08            0            0            0            0
347        0.008        2.089       3.4757       2.2884       3.4757       2.2884   4.6126e-08            0            0            0            0
348        0.008        2.097        3.494       2.2926        3.494       2.2926   4.3006e-08            0            0            0            0
349        0.008        2.105       3.5123       2.2969       3.5123       2.2969   3.9953e-08            0            0            0            0
350        0.008        2.113       3.5307       2.3012       3.5307       2.3012   3.6967e-08            0            0            0            0
351        0.008        2.121       3.5492       2.3055       3.5492       2.3055   3.4046e-08            0            0            0            0
352        0.008        2.129       3.5676       2.3098       3.5676       2.3098   3.1189e-08            0            0            0            0
353        0.008        2.137       3.5861       2.3142       3.5861       2.3142   2.8396e-08            0            0            0            0
354        0.008        2.145       3.6046       2.3185       3.6046       2.3185   2.5663e-08            0            0            0            0
355        0.008        2.153       3.6232       2.3229       3.6232       2.3229   2.2992e-08            0            0            0            0
356        0.008        2.161       3.6418       2.3273       3.6418       2.3273    2.152e-08            0            0            0            0
357        0.008        2.169       3.6604       2.3318       3.6604       2.3318   2.0868e-08            0            0            0            0
358        0.008        2.177       3.6791       2.3362       3.6791       2.3362   2.0232e-08            0            0            0            0
359        0.008        2.185       3.6978       2.3407       3.6978       2.3407   1.9611e-08            0            0            0            0
360        0.008        2.193       3.7166       2.3452       3.7166       2.3452   1.9006e-08            0            0            0            0
361        0.008        2.201       3.7353       2.3497       3.7353       2.3497   1.8415e-08            0            0            0            0
362        0.008        2.209       3.7542       2.3542       3.7542       2.3542   1.7839e-08            0            0            0            0
363        0.008        2.217        3.773       2.3587        3.773       2.3587   1.7276e-08            0            0            0            0
364        0.008        2.225       3.7919       2.3633       3.7919       2.3633   1.6728e-08            0            0            0            0
365        0.008        2.233       3.8108       2.3678       3.8108       2.3678   1.6193e-08            0            0            0            0
366        0.008        2.241       3.8298       2.3724       3.8298       2.3724   1.5671e-08            0            0            1            0
367        0.016        2.257       3.8678       2.3816       3.8678       2.3816   1.2044e-07            0            0            0            0
368        0.016        2.273        3.906       2.3909        3.906       2.3909   1.1262e-07            0            0            0            0
369        0.016        2.289       3.9443       2.4002       3.9443       2.4002   1.0519e-07            0            0            0            0
370        0.016        2.305       3.9828       2.4096       3.9828       2.4096   1.3027e-07            0            0            0            0
371        0.016        2.321       4.0214        2.419       4.0214        2.419   1.5747e-07            0            0            0            0
372        0.016        2.337       4.0602       2.4284       4.0602       2.4284   1.8339e-07            0            0            0            0
373        0.016        2.353       4.0991       2.4379       4.0991       2.4379   2.0808e-07            0            0            0            0
374        0.016        2.369       4.1382       2.4474       4.1382       2.4474   2.3158e-07            0            0            0            0
375        0.016        2.385       4.1775        2.457       4.1775        2.457   2.5394e-07            0            0            0            0
376        0.016        2.401       4.2169       2.4665       4.2169       2.4665    2.752e-07            0            0            0            0
377        0.016        2.417       4.2564       2.4761       4.2564       2.4761   2.9541e-07            0            0            0            0
378        0.016        2.433       4.2961       2.4858       4.2961       2.4858   3.1462e-07            0            0            0            0
379        0.016        2.449       4.3359       2.4954       4.3359       2.4954   3.3285e-07            0            0            0            0
380        0.016        2.465       4.3759       2.5051       4.3759       2.5051   3.5015e-07            0            0            0            0
381        0.016        2.481       4.4161       2.5148       4.4161       2.5148   3.6657e-07            0            0            0            0
382        0.016        2.497       4.4564       2.5245       4.4564       2.5245   3.8212e-07            0            0            0            0
383        0.016        2.513       4.4969       2.5343       4.4969       2.5343   3.9686e-07            0            0            0            0
384        0.016        2.529       4.5375        2.544       4.5375        2.544   4.1081e-07            0            0            0            0
385        0.016        2.545       4.5783       2.5538       4.5783       2.5538   4.2401e-07            0            0            0            0
386        0.016        2.561       4.6192       2.5635       4.6192       2.5635    4.365e-07            0            0            0            0
387        0.016        2.577       4.6603       2.5733       4.6603       2.5733   4.4829e-07            0            0            0            0
388        0.016        2.593       4.7016       2.5831       4.7016       2.5831   4.5942e-07            0            0            0            0
389        0.016        2.609        4.743       2.5929        4.743       2.5929   4.6993e-07            0            0            0            0
390        0.016        2.625       4.7846       2.6027       4.7846       2.6027   4.7983e-07            0            0            0            0
391        0.016        2.641       4.8263       2.6125       4.8263       2.6125   4.8916e-07            0            0            0            0
392        0.016        2.657       4.8682       2.6223       4.8682       2.6223   4.9794e-07            0            0            0            0
393        0.016        2.673       4.9102       2.6322       4.9102       2.6322   5.0619e-07            0            0            0            0
394        0.016        2.689       4.9524        2.642       4.9524        2.642   5.1395e-07            0            0            0            0
395        0.016        2.705       4.9947       2.6518       4.9947       2.6518   5.2123e-07            0            0            0            0
396        0.016        2.721       5.0372       2.6616       5.0372       2.6616   5.2806e-07            0            0            0            0
397        0.016        2.737       5.0799       2.6715       5.0799       2.6715   5.3445e-07            0            0            0            0
398        0.016        2.753       5.1227       2.6813       5.1227       2.6813   5.4044e-07            0            0            0            0
399        0.016        2.769       5.1657       2.6911       5.1657       2.6911   5.4603e-07            0            0            0            0
400        0.016        2.785       5.2088        2.701       5.2088        2.701   5.5125e-07            0            0            0            0
401        0.016        2.801       5.2521       2.7108       5.2521       2.7108   5.5612e-07            0            0            0            0
402        0.016        2.817       5.2956       2.7206       5.2956       2.7206   5.6066e-07            0            0            0            0
403        0.016        2.833       5.3392       2.7305       5.3392       2.7305   5.6487e-07            0            0            0            0
404        0.016        2.849        5.383       2.7403        5.383       2.7403   5.6878e-07            0            0            0            0
405        0.016        2.865       5.4269       2.7501       5.4269       2.7501   5.7241e-07            0            0            0            0
406        0.016        2.881        5.471       2.7599        5.471       2.7599   5.7576e-07            0            0            0            0
407        0.016        2.897       5.5152       2.7698       5.5152       2.7698   5.7886e-07            0            0            0            0
408        0.016        2.913       5.5596       2.7796       5.5596       2.7796   5.8171e-07            0            0            0            0
409        0.016        2.929       5.6042       2.7894       5.6042       2.7894   5.8434e-07            0            0            0            0
410        0.016        2.945       5.6489       2.7992       5.6489       2.7992   5.8674e-07            0            0            0            0
411        0.016        2.961       5.6937        2.809       5.6937        2.809   5.8894e-07            0            0            0            0
412        0.016        2.977       5.7387       2.8188       5.7387       2.8188   5.9095e-07            0            0            0            0
413        0.016        2.993       5.7839       2.8286       5.7839       2.8286   5.9277e-07            0            0            0            0
414        0.016        3.009       5.8293       2.8383       5.8293       2.8383   5.9442e-07            0            0            0            0
415        0.016        3.025       5.8748       2.8481       5.8748       2.8481   5.9591e-07            0            0            0            0
416        0.016        3.041       5.9204       2.8579       5.9204       2.8579   5.9724e-07            0            0            0            0
417        0.016        3.057       5.9662       2.8677       5.9662       2.8677   5.9843e-07            0            0            0            0
418        0.016        3.073       6.0122       2.8774       6.0122       2.8774   5.9948e-07            0            0            0            0
419        0.016        3.089       6.0583       2.8872       6.0583       2.8872   6.0041e-07            0            0            0            0
420        0.016        3.105       6.1046       2.8969       6.1046       2.8969   6.0122e-07            0            0            0            0
421        0.016        3.121        6.151       2.9067        6.151       2.9067   6.0191e-07            0            0            0            0
422        0.016        3.137       6.1976       2.9164       6.1976       2.9164    6.025e-07            0            0            0            0
423        0.016        3.153       6.2443       2.9261       6.2443       2.9261   6.0299e-07            0            0            0            0
424        0.016        3.169       6.2912       2.9359       6.2912       2.9359   6.0338e-07            0            0            0            0
425        0.016        3.185       6.3383       2.9456       6.3383       2.9456    6.037e-07            0            0            0            0
426        0.016        3.201       6.3855       2.9553       6.3855       2.9553   6.0393e-07            0            0            0            0
427        0.016        3.217       6.4328        2.965       6.4328        2.965   6.0408e-07            0            0            0            0
428        0.016        3.233       6.4803       2.9747       6.4803       2.9747   6.0416e-07            0            0            0            0
429        0.016        3.249        6.528       2.9844        6.528       2.9844   6.0418e-07            0            0            0            0
430        0.016        3.265       6.5758       2.9941       6.5758       2.9941   6.0414e-07            0            0            0            0
431        0.016        3.281       6.6238       3.0038       6.6238       3.0038   6.0404e-07            0            0            0            0
432        0.016        3.297        6.672       3.0135        6.672       3.0135   6.0389e-07            0            0            0            0
433        0.016        3.313       6.7203       3.0231       6.7203       3.0231   6.0369e-07            0            0            0            0
434        0.016        3.329       6.7687       3.0328       6.7687       3.0328   6.0344e-07            0            0            0            0
435        0.016        3.345       6.8173       3.0424       6.8173       3.0424   6.0315e-07            0            0            0            0
436        0.016        3.361       6.8661       3.0521       6.8661       3.0521   6.0283e-07            0            0            0            0
437        0.016        3.377        6.915       3.0617        6.915       3.0617   6.0246e-07            0            0            0            0
438        0.016        3.393        6.964       3.0714        6.964       3.0714   6.0207e-07            0            0            0            0
439        0.016        3.409       7.0133        3.081       7.0133        3.081   6.0164e-07            0            0            0            0
440        0.016        3.425       7.0626       3.0906       7.0626       3.0906   6.0119e-07            0            0            0            0
441        0.016        3.441       7.1122       3.1002       7.1122       3.1002   6.0071e-07            0            0            0            0
442        0.016        3.457       7.1618       3.1098       7.1618       3.1098   6.0021e-07            0            0            0            0
443        0.016        3.473       7.2117       3.1195       7.2117       3.1195   5.9969e-07            0            0            0            0
444        0.016        3.489       7.2617       3.1291       7.2617       3.1291   5.9915e-07            0            0            0            0
445        0.016        3.505       7.3118       3.1386       7.3118       3.1386   5.9859e-07            0            0            0            0
446        0.016        3.521       7.3621       3.1482       7.3621       3.1482   5.9801e-07            0            0            0            0
447        0.016        3.537       7.4126       3.1578       7.4126       3.1578   5.9742e-07            0            0            0            0
448        0.016        3.553       7.4632       3.1674       7.4632       3.1674   5.9682e-07            0            0            0            0
449        0.016        3.569       7.5139        3.177       7.5139        3.177   5.9621e-07            0            0            0            0
450        0.016        3.585       7.5648       3.1865       7.5648       3.1865   5.9559e-07            0            0            0            0
451        0.016        3.601       7.6159       3.1961       7.6159       3.1961   5.9496e-07            0            0            0            0
452        0.016        3.617       7.6671       3.2056       7.6671       3.2056   5.9432e-07            0            0            0            0
453        0.016        3.633       7.7185       3.2152       7.7185       3.2152   5.9367e-07            0            0            0            0
454        0.016        3.649         7.77       3.2247         7.77       3.2247   5.9302e-07            0            0            0            0
455        0.016        3.665       7.8216       3.2342       7.8216       3.2342   5.9237e-07            0            0            0            0
456        0.016        3.681       7.8735       3.2438       7.8735       3.2438   5.9171e-07            0            0            0            0
457        0.016        3.697       7.9254       3.2533       7.9254       3.2533   5.9104e-07            0            0            0            0
458        0.016        3.713       7.9776       3.2628       7.9776       3.2628   5.9038e-07            0            0            0            0
459        0.016        3.729       8.0299       3.2723       8.0299       3.2723   5.8971e-07            0            0            0            0
460        0.016        3.745       8.0823       3.2818       8.0823       3.2818   5.8904e-07            0            0            0            0
461        0.016        3.761       8.1349       3.2913       8.1349       3.2913   5.8837e-07            0            0            0            0
462        0.016        3.777       8.1876       3.3008       8.1876       3.3008   5.8771e-07            0            0            0            0
463        0.016        3.793       8.2405       3.3103       8.2405       3.3103   5.8704e-07            0            0            0            0
464        0.016        3.809       8.2935       3.3198       8.2935       3.3198   5.8637e-07            0            0            0            0
465        0.016        3.825       8.3467       3.3292       8.3467       3.3292    5.857e-07            0            0            0            0
466        0.016        3.841       8.4001       3.3387       8.4001       3.3387   5.8504e-07            0            0            0            0
467        0.016        3.857       8.4536       3.3482       8.4536       3.3482   5.8437e-07            0            0            0            0
468        0.016        3.873       8.5072       3.3576       8.5072       3.3576   5.8371e-07            0            0            0            0
469        0.016        3.889        8.561       3.3671        8.561       3.3671   5.8306e-07            0            0            0            0
470        0.016        3.905        8.615       3.3765        8.615       3.3765    5.824e-07            0            0            0            0
471        0.016        3.921       8.6691        3.386       8.6691        3.386   5.8175e-07            0            0            0            0
472        0.016        3.937       8.7233       3.3954       8.7233       3.3954    5.811e-07            0            0            0            0
473        0.016        3.953       8.7777       3.4049       8.7777       3.4049   5.8045e-07            0            0            0            0
474        0.016        3.969       8.8323       3.4143       8.8323       3.4143   5.7981e-07            0            0            0            0
475        0.016        3.985        8.887       3.4237        8.887       3.4237   5.7917e-07            0            0            0            0
476        0.016        4.001       8.9418       3.4331       8.9418       3.4331   5.7854e-07            0            0            0            0
477        0.016        4.017       8.9968       3.4425       8.9968       3.4425    5.779e-07            0            0            0            0
478        0.016        4.033        9.052        3.452        9.052        3.452   5.7728e-07            0            0            0            0
479        0.016        4.049       9.1073       3.4614       9.1073       3.4614   5.7666e-07            0            0            0            0
480        0.016        4.065       9.1628       3.4708       9.1628       3.4708   5.7604e-07            0            0            0            0
481        0.016        4.081       9.2184       3.4802       9.2184       3.4802   5.7542e-07            0            0            0            0
482        0.016        4.097       9.2741       3.4895       9.2741       3.4895   5.7481e-07            0            0            0            0
483        0.016        4.113         9.33       3.4989         9.33       3.4989   5.7421e-07            0            0            0            0
484        0.016        4.129       9.3861       3.5083       9.3861       3.5083   5.7361e-07            0            0            0            0
485        0.016        4.145       9.4423       3.5177       9.4423       3.5177   5.7301e-07            0            0            0            0
486        0.016        4.161       9.4987       3.5271       9.4987       3.5271   5.7242e-07            0            0            0            0
487        0.016        4.177       9.5552       3.5364       9.5552       3.5364   5.7183e-07            0            0            0            0
488        0.016        4.193       9.6118       3.5458       9.6118       3.5458   5.7124e-07            0            0            0            0
489        0.016        4.209       9.6686       3.5551       9.6686       3.5551   5.7067e-07            0            0            0            0
490        0.016        4.225       9.7256       3.5645       9.7256       3.5645   5.7009e-07            0            0            0            0
491        0.016        4.241       9.7827       3.5738       9.7827       3.5738   5.6952e-07            0            0            0            0
492        0.016        4.257       9.8399       3.5832       9.8399       3.5832   5.6896e-07            0            0            0            0
493        0.016        4.273       9.8973       3.5925       9.8973       3.5925    5.684e-07            0            0            0            0
494        0.016        4.289       9.9549       3.6019       9.9549       3.6019   5.6784e-07            0            0            0            0
495        0.016        4.305       10.013       3.6112       10.013       3.6112   5.6729e-07            0            0            0            0
496        0.016        4.321        10.07       3.6205        10.07       3.6205   5.6674e-07            0            0            0            0
497        0.016        4.337       10.128       3.6298       10.128       3.6298    5.662e-07            0            0            0            0
498        0.016        4.353       10.187       3.6392       10.187       3.6392   5.6566e-07            0            0            0            0
499        0.016        4.369       10.245       3.6485       10.245       3.6485   5.6512e-07            0            0            0            0
500        0.016        4.385       10.303       3.6578       10.303       3.6578   5.6459e-07            0            0            0            0
501        0.016        4.401       10.362       3.6671       10.362       3.6671   5.6407e-07            0            0            0            0
502        0.016        4.417       10.421       3.6764       10.421       3.6764   5.6354e-07            0            0            0            0
503        0.016        4.433        10.48       3.6857        10.48       3.6857   5.6303e-07            0            0            0            0
504        0.016        4.449       10.539        3.695       10.539        3.695   5.6251e-07            0            0            0            0
505        0.016        4.465       10.598       3.7043       10.598       3.7043     5.62e-07            0            0            0            0
506        0.016        4.481       10.657       3.7136       10.657       3.7136    5.615e-07            0            0            0            0
507        0.016        4.497       10.717       3.7228       10.717       3.7228     5.61e-07            0            0            0            0
508        0.016        4.513       10.776       3.7321       10.776       3.7321    5.605e-07            0            0            0            0
509        0.016        4.529       10.836       3.7414       10.836       3.7414   5.6001e-07            0            0            0            0
510        0.016        4.545       10.896       3.7507       10.896       3.7507   5.5952e-07            0            0            0            0
511        0.016        4.561       10.956       3.7599       10.956       3.7599   5.5903e-07            0            0            0            0
512        0.016        4.577       11.016       3.7692       11.016       3.7692   5.5855e-07            0            0            0            0
513        0.016        4.593       11.077       3.7784       11.077       3.7784   5.5807e-07            0            0            0            0
514        0.016        4.609       11.137       3.7877       11.137       3.7877    5.576e-07            0            0            0            0
515        0.016        4.625       11.198       3.7969       11.198       3.7969   5.5713e-07            0            0            0            0
516        0.016        4.641       11.259       3.8062       11.259       3.8062   5.5666e-07            0            0            0            0
517        0.016        4.657        11.32       3.8154        11.32       3.8154    5.562e-07            0            0            0            0
518        0.016        4.673       11.381       3.8247       11.381       3.8247   5.5574e-07            0            0            0            0
519        0.016        4.689       11.442       3.8339       11.442       3.8339   5.5529e-07            0            0            0            0
520        0.016        4.705       11.504       3.8431       11.504       3.8431   5.5483e-07            0            0            0            0
521        0.016        4.721       11.565       3.8524       11.565       3.8524   5.5438e-07            0            0            0            0
522        0.016        4.737       11.627       3.8616       11.627       3.8616   5.5394e-07            0            0            0            0
523        0.016        4.753       11.689       3.8708       11.689       3.8708    5.535e-07            0            0            0            0
524        0.016        4.769       11.751         3.88       11.751         3.88   5.5306e-07            0            0            0            0
525        0.016        4.785       11.813       3.8893       11.813       3.8893   5.5262e-07            0            0            0            0
526        0.016        4.801       11.875       3.8985       11.875       3.8985   5.5219e-07            0            0            0            0
527        0.016        4.817       11.938       3.9077       11.938       3.9077   5.5176e-07            0            0            0            0
528        0.016        4.833           12       3.9169           12       3.9169   5.5134e-07            0            0            0            0
529        0.016        4.849       12.063       3.9261       12.063       3.9261   5.5092e-07            0            0            0            0
530        0.016        4.865       12.126       3.9353       12.126       3.9353    5.505e-07            0            0            0            0
531        0.016        4.881       12.189       3.9445       12.189       3.9445   5.5008e-07            0            0            0            0
532        0.016        4.897       12.252       3.9537       12.252       3.9537   5.4967e-07            0            0            0            0
533        0.016        4.913       12.315       3.9628       12.315       3.9628   5.4926e-07            0            0            0            0
534        0.016        4.929       12.379        3.972       12.379        3.972   5.4885e-07            0            0            0            0
535        0.016        4.945       12.442       3.9812       12.442       3.9812   5.4845e-07            0            0            0            0
536        0.016        4.961       12.506       3.9904       12.506       3.9904   5.4805e-07            0            0            0            0
537        0.016        4.977        12.57       3.9996        12.57       3.9996   5.4765e-07            0            0            0            0
538        0.016        4.993       12.634       4.0087       12.634       4.0087   5.4725e-07            0            0            0            0
539        0.016        5.009       12.698       4.0179       12.698       4.0179   5.4686e-07            0            0            0            0
540        0.016        5.025       12.763       4.0271       12.763       4.0271   5.4647e-07            0            0            0            0
541        0.016        5.041       12.827       4.0362       12.827       4.0362   5.4609e-07            0            0            0            0
542        0.016        5.057       12.892       4.0454       12.892       4.0454    5.457e-07            0            0            0            0
543        0.016        5.073       12.957       4.0545       12.957       4.0545   5.4532e-07            0            0            0            0
544        0.016        5.089       13.022       4.0637       13.022       4.0637   5.4494e-07            0            0            0            0
545        0.016        5.105       13.087       4.0728       13.087       4.0728   5.4457e-07            0            0            0            0
546        0.016        5.121       13.152        4.082       13.152        4.082   5.4419e-07            0            0            0            0
547        0.016        5.137       13.217       4.0911       13.217       4.0911   5.4382e-07            0            0            0            0
548        0.016        5.153       13.283       4.1003       13.283       4.1003   5.4345e-07            0            0            0            0
549        0.016        5.169       13.349       4.1094       13.349       4.1094   5.4309e-07            0            0            0            0
550        0.016        5.185       13.414       4.1185       13.414       4.1185   5.4273e-07            0            0            0            0
551        0.016        5.201        13.48       4.1277        13.48       4.1277   5.4237e-07            0            0            0            0
552        0.016        5.217       13.547       4.1368       13.547       4.1368   5.4201e-07            0            0            0            0
553        0.016        5.233       13.613       4.1459       13.613       4.1459   5.4165e-07            0            0            0            0
554        0.016        5.249       13.679        4.155       13.679        4.155    5.413e-07            0            0            0            0
555        0.016        5.265       13.746       4.1641       13.746       4.1641   5.4095e-07            0            0            0            0
556        0.016        5.281       13.812       4.1733       13.812       4.1733    5.406e-07            0            0            0            0
557        0.016        5.297       13.879       4.1824       13.879       4.1824   5.4025e-07            0            0            0            0
558        0.016        5.313       13.946       4.1915       13.946       4.1915   5.3991e-07            0            0            0            0
559        0.016        5.329       14.013       4.2006       14.013       4.2006   5.3957e-07            0            0            0            0
560        0.016        5.345       14.081       4.2097       14.081       4.2097   5.3923e-07            0            0            0            0
561        0.016        5.361       14.148       4.2188       14.148       4.2188   5.3889e-07            0            0            0            0
562        0.016        5.377       14.216       4.2279       14.216       4.2279   5.3856e-07            0            0            0            0
563        0.016        5.393       14.283        4.237       14.283        4.237   5.3823e-07            0            0            0            0
564        0.016        5.409       14.351       4.2461       14.351       4.2461    5.379e-07            0            0            0            0
565        0.016        5.425       14.419       4.2552       14.419       4.2552   5.3757e-07            0            0            0            0
566        0.016        5.441       14.487       4.2643       14.487       4.2643   5.3724e-07            0            0            0            0
567        0.016        5.457       14.556       4.2733       14.556       4.2733   5.3692e-07            0            0            0            0
568        0.016        5.473       14.624       4.2824       14.624       4.2824    5.366e-07            0            0            0            0
569        0.016        5.489       14.693       4.2915       14.693       4.2915   5.3628e-07            0            0            0            0
570        0.016        5.505       14.762       4.3006       14.762       4.3006   5.3596e-07            0            0            0            0
571        0.016        5.521        14.83       4.3096        14.83       4.3096   5.3564e-07            0            0            0            0
572        0.016        5.537       14.899       4.3187       14.899       4.3187   5.3533e-07            0            0            0            0
573        0.016        5.553       14.969       4.3278       14.969       4.3278   5.3502e-07            0            0            0            0
574        0.016        5.569       15.038       4.3369       15.038       4.3369   5.3471e-07            0            0            0            0
575        0.016        5.585       15.107       4.3459       15.107       4.3459    5.344e-07            0            0            0            0
576        0.016        5.601       15.177        4.355       15.177        4.355   5.3409e-07            0            0            0            0
577        0.016        5.617       15.247        4.364       15.247        4.364   5.3379e-07            0            0            0            0
578        0.016        5.633       15.317       4.3731       15.317       4.3731   5.3349e-07            0            0            0            0
579        0.016        5.649       15.387       4.3821       15.387       4.3821   5.3319e-07            0            0            0            0
580        0.016        5.665       15.457       4.3912       15.457       4.3912   5.3289e-07            0            0            0            0
581        0.016        5.681       15.527       4.4002       15.527       4.4002   5.3259e-07            0            0            0            0
582        0.016        5.697       15.598       4.4093       15.598       4.4093    5.323e-07            0            0            0            0
583        0.016        5.713       15.668       4.4183       15.668       4.4183   5.3201e-07            0            0            0            0
584        0.016        5.729       15.739       4.4274       15.739       4.4274   5.3172e-07            0            0            0            0
585        0.016        5.745        15.81       4.4364        15.81       4.4364   5.3143e-07            0            0            0            0
586        0.016        5.761       15.881       4.4454       15.881       4.4454   5.3114e-07            0            0            0            0
587        0.016        5.777       15.952       4.4545       15.952       4.4545   5.3085e-07            0            0            0            0
588        0.016        5.793       16.024       4.4635       16.024       4.4635   5.3057e-07            0            0            0            0
589        0.016        5.809       16.095       4.4725       16.095       4.4725   5.3029e-07            0            0            0            0
590        0.016        5.825       16.167       4.4815       16.167       4.4815   5.3001e-07            0            0            0            0
591        0.016        5.841       16.239       4.4906       16.239       4.4906   5.2973e-07            0            0            0            0
592        0.016        5.857        16.31       4.4996        16.31       4.4996   5.2945e-07            0            0            0            0
593        0.016        5.873       16.382       4.5086       16.382       4.5086   5.2918e-07            0            0            0            0
594        0.016        5.889       16.455       4.5176       16.455       4.5176    5.289e-07            0            0            0            0
595        0.016        5.905       16.527       4.5266       16.527       4.5266   5.2863e-07            0            0            0            0
596        0.016        5.921         16.6       4.5356         16.6       4.5356   5.2836e-07            0            0            0            0
597        0.016        5.937       16.672       4.5447       16.672       4.5447   5.2809e-07            0            0            0            0
598        0.016        5.953       16.745       4.5537       16.745       4.5537   5.2782e-07            0            0            0            0
599        0.016        5.969       16.818       4.5627       16.818       4.5627   5.2756e-07            0            0            0            0
600        0.016        5.985       16.891       4.5717       16.891       4.5717   5.2729e-07            0            0            0            0
601        0.016        6.001       16.964       4.5807       16.964       4.5807   5.2703e-07            0            0            0            0
602        0.016        6.017       17.038       4.5897       17.038       4.5897   5.2677e-07            0            0            0            0
603        0.016        6.033       17.111       4.5987       17.111       4.5987   5.2651e-07            0            0            0            0
604        0.016        6.049       17.185       4.6076       17.185       4.6076   5.2625e-07            0            0            0            0
605        0.016        6.065       17.259       4.6166       17.259       4.6166     5.26e-07            0            0            0            0
606        0.016        6.081       17.332       4.6256       17.332       4.6256   5.2574e-07            0            0            0            0
607        0.016        6.097       17.407       4.6346       17.407       4.6346   5.2549e-07            0            0            0            0
608        0.016        6.113       17.481       4.6436       17.481       4.6436   5.2523e-07            0            0            0            0
609        0.016        6.129       17.555       4.6526       17.555       4.6526   5.2498e-07            0            0            0            0
610        0.016        6.145        17.63       4.6616        17.63       4.6616   5.2473e-07            0            0            0            0
611        0.016        6.161       17.704       4.6705       17.704       4.6705   5.2449e-07            0            0            0            0
612        0.016        6.177       17.779       4.6795       17.779       4.6795   5.2424e-07            0            0            0            0
613        0.016        6.193       17.854       4.6885       17.854       4.6885   5.2399e-07            0            0            0            0
614        0.016        6.209       17.929       4.6974       17.929       4.6974   5.2375e-07            0            0            0            0
615        0.016        6.225       18.004       4.7064       18.004       4.7064   5.2351e-07            0            0            0            0
616        0.016        6.241        18.08       4.7154        18.08       4.7154   5.2327e-07            0            0            0            0
617        0.016        6.257       18.155       4.7243       18.155       4.7243   5.2303e-07            0            0            0            0
618        0.016        6.273       18.231       4.7333       18.231       4.7333   5.2279e-07            0            0            0            0
619        0.016        6.289       18.307       4.7423       18.307       4.7423   5.2255e-07            0            0            0            0
620        0.016        6.305       18.383       4.7512       18.383       4.7512   5.2232e-07            0            0            0            0
621        0.016        6.321       18.459       4.7602       18.459       4.7602   5.2208e-07            0            0            0            0
622        0.016        6.337       18.535       4.7691       18.535       4.7691   5.2185e-07            0            0            0            0
623        0.016        6.353       18.611       4.7781       18.611       4.7781   5.2162e-07            0            0            0            0
624        0.016        6.369       18.688        4.787       18.688        4.787   5.2138e-07            0            0            0            0
625        0.016        6.385       18.765        4.796       18.765        4.796   5.2116e-07            0            0            0            0
626        0.016        6.401       18.841       4.8049       18.841       4.8049   5.2093e-07            0            0            0            0
627        0.016        6.417       18.918       4.8139       18.918       4.8139    5.207e-07            0            0            0            0
628        0.016        6.433       18.995       4.8228       18.995       4.8228   5.2047e-07            0            0            0            0
629        0.016        6.449       19.073       4.8317       19.073       4.8317   5.2025e-07            0            0            0            0
630        0.016        6.465        19.15       4.8407        19.15       4.8407   5.2003e-07            0            0            0            0
631        0.016        6.481       19.228       4.8496       19.228       4.8496    5.198e-07            0            0            0            0
632        0.016        6.497       19.305       4.8585       19.305       4.8585   5.1958e-07            0            0            0            0
633        0.016        6.513       19.383       4.8675       19.383       4.8675   5.1936e-07            0            0            0            0
634        0.016        6.529       19.461       4.8764       19.461       4.8764   5.1915e-07            0            0            0            0
635        0.016        6.545       19.539       4.8853       19.539       4.8853   5.1893e-07            0            0            0            0
636        0.016        6.561       19.617       4.8943       19.617       4.8943   5.1871e-07            0            0            0            0
637        0.016        6.577       19.696       4.9032       19.696       4.9032    5.185e-07            0            0            0            0
638        0.016        6.593       19.774       4.9121       19.774       4.9121   5.1828e-07            0            0            0            0
639        0.016        6.609       19.853        4.921       19.853        4.921   5.1807e-07            0            0            0            0
640        0.016        6.625       19.932       4.9299       19.932       4.9299   5.1786e-07            0            0            0            0
641        0.016        6.641       20.011       4.9389       20.011       4.9389   5.1765e-07            0            0            0            0
642        0.016        6.657        20.09       4.9478        20.09       4.9478   5.1744e-07            0            0            0            0
643        0.016        6.673       20.169       4.9567       20.169       4.9567   5.1723e-07            0            0            0            0
644        0.016        6.689       20.248       4.9656       20.248       4.9656   5.1702e-07            0            0            0            0
645        0.016        6.705       20.328       4.9745       20.328       4.9745   5.1682e-07            0            0            0            0
646        0.016        6.721       20.408       4.9834       20.408       4.9834   5.1661e-07            0            0            0            0
647        0.016        6.737       20.487       4.9923       20.487       4.9923   5.1641e-07            0            0            0            0
648        0.016        6.753       20.567       5.0012       20.567       5.0012    5.162e-07            0            0            0            0
649        0.016        6.769       20.647       5.0101       20.647       5.0101     5.16e-07            0            0            0            0
650        0.016        6.785       20.728        5.019       20.728        5.019    5.158e-07            0            0            0            0
651        0.016        6.801       20.808       5.0279       20.808       5.0279    5.156e-07            0            0            0            0
652        0.016        6.817       20.888       5.0368       20.888       5.0368    5.154e-07            0            0            0            0
653        0.016        6.833       20.969       5.0457       20.969       5.0457    5.152e-07            0            0            0            0
654        0.016        6.849        21.05       5.0546        21.05       5.0546   5.1501e-07            0            0            0            0
655        0.016        6.865       21.131       5.0635       21.131       5.0635   5.1481e-07            0            0            0            0
656        0.016        6.881       21.212       5.0724       21.212       5.0724   5.1462e-07            0            0            0            0
657        0.016        6.897       21.293       5.0812       21.293       5.0813   5.1442e-07            0            0            0            0
658        0.016        6.913       21.375       5.0901       21.375       5.0901   5.1423e-07            0            0            0            0
659        0.016        6.929       21.456        5.099       21.456        5.099   5.1404e-07            0            0            0            0
660        0.016        6.945       21.538       5.1079       21.538       5.1079   5.1385e-07            0            0            0            0
661        0.016        6.961        21.62       5.1168        21.62       5.1168   5.1366e-07            0            0            0            0
662        0.016        6.977       21.701       5.1257       21.701       5.1257   5.1347e-07            0            0            0            0
663        0.007        6.993       21.737       5.1295       21.737       5.1295   4.2704e-08            0            0            0            0
